threshold,voltage,x,y,z
0,10.1642,10.1642,,
1,13.1846,13.1846,3.0204,
2,16.1757,16.1757,2.9911,-0.0293
3,19.1424,19.1424,2.9667,-0.0244
4,22.0873,22.0873,2.9449,-0.0218
5,25.0142,25.0142,2.9269,-0.018
6,27.9242,27.9242,2.91,-0.0169
7,30.8196,30.8196,2.8954,-0.0146
8,33.7002,33.7002,2.8806,-0.0148
9,36.5697,36.5697,2.8695,-0.0111
10,39.4278,39.4278,2.8581,-0.0114
11,42.2757,42.2757,2.8479,-0.0102
12,45.1135,45.1135,2.8378,-0.0101
13,47.9429,47.9429,2.8294,-0.0084
14,50.7639,50.7639,2.821,-0.0084
15,53.5775,53.5775,2.8136,-0.0074
16,56.3819,56.3819,2.8044,-0.0092
17,59.1832,59.1832,2.8013,-0.0031
18,61.9802,61.9802,2.797,-0.0043
19,64.7753,64.7753,2.7951,-0.0019
20,67.572,67.572,2.7967,0.0016
21,70.3761,70.3761,2.8041,0.0074
22,73.1878,73.1878,2.8117,0.0076
23,76.0049,76.0049,2.8171,0.0054
24,78.8231,78.8231,2.8182,0.0011
25,81.6429,81.6429,2.8198,0.0016
26,84.4619,84.4619,2.819,-0.0008
27,87.28,87.28,2.8181,-0.0009
28,90.0961,90.0961,2.8161,-0.002
29,92.911,92.911,2.8149,-0.0012
30,95.7241,95.7241,2.8131,-0.0018
31,98.5355,98.5355,2.8114,-0.0017
32,101.343,101.343,2.8075,-0.0039
33,104.152,104.152,2.809,0.0015
34,106.956,106.9565,2.8045,-0.0045
35,109.761,109.761,2.8045,-1.42109E-14
36,112.563,112.563,2.802,-0.0025
37,115.364,115.364,2.801,-0.001
38,118.163,118.163,2.799,-0.002
39,120.961,120.961,2.798,-0.001
40,123.756,123.756,2.795,-0.003
41,126.551,126.551,2.795,0
42,129.343,129.343,2.792,-0.003
43,132.135,132.135,2.792,1.42109E-14
44,134.925,134.925,2.79,-0.002
45,137.714,137.714,2.789,-0.001
46,140.501,140.501,2.787,-0.002
47,143.287,143.287,2.786,-0.001
48,146.07,146.07,2.783,-0.003
49,148.854,148.854,2.784,0.001
50,151.636,151.636,2.782,-0.002
51,154.417,154.417,2.781,-0.001
52,157.197,157.197,2.78,-0.001
53,159.975,159.975,2.778,-0.002
54,162.753,162.753,2.778,0
55,165.53,165.53,2.777,-0.001
56,168.304,168.304,2.774,-0.003
57,171.078,171.078,2.774,0
58,173.852,173.852,2.774,0
59,176.624,176.624,2.772,-0.002
60,179.395,179.395,2.771,-0.001
61,182.166,182.166,2.771,-2.84217E-14
62,184.935,184.935,2.769,-0.002
63,187.703,187.703,2.768,-0.001
64,190.469,190.469,2.766,-0.002
65,193.236,193.236,2.767,0.001
66,196.001,196.001,2.765,-0.002
67,198.766,198.766,2.765,-2.84217E-14
68,201.53,201.53,2.764,-0.001
69,204.293,204.293,2.763,-0.001
70,207.055,207.055,2.762,-0.001
71,209.817,209.817,2.762,0
72,212.577,212.577,2.76,-0.002
73,215.337,215.337,2.76,0
74,218.096,218.096,2.759,-0.001
75,220.854,220.854,2.758,-0.001
76,223.611,223.611,2.757,-0.001
77,226.368,226.368,2.757,2.84217E-14
78,229.125,229.125,2.757,0
79,231.88,231.88,2.755,-0.002
80,234.633,234.633,2.753,-0.002
81,237.387,237.387,2.754,0.001
82,240.140,240.14,2.753,-0.001
83,242.893,242.893,2.753,2.84217E-14
84,245.644,245.644,2.751,-0.002
85,248.395,248.395,2.751,0
86,251.146,251.146,2.751,-2.84217E-14
87,253.896,253.896,2.75,-0.001
88,256.644,256.644,2.748,-0.002
89,259.392,259.392,2.748,-2.84217E-14
90,262.14,262.14,2.748,0
91,264.887,264.887,2.747,-0.001
92,267.633,267.633,2.746,-0.001
93,270.379,270.379,2.746,5.68434E-14
94,273.124,273.124,2.745,-0.001
95,275.869,275.869,2.745,0
96,278.611,278.611,2.742,-0.003
97,281.354,281.354,2.743,0.001
98,284.096,284.096,2.742,-0.001
99,286.838,286.838,2.742,0
100,289.579,289.579,2.741,-0.001
101,292.319,292.319,2.74,-0.001
102,295.059,295.059,2.74,0
103,297.798,297.798,2.739,-0.001
104,300.535,300.535,2.737,-0.002
105,303.272,303.272,2.737,-5.68434E-14
106,306.009,306.009,2.737,5.68434E-14
107,308.744,308.744,2.735,-0.002
108,311.479,311.479,2.735,-5.68434E-14
109,314.213,314.213,2.734,-0.001
110,316.946,316.946,2.733,-0.001
111,319.678,319.678,2.732,-0.001
112,322.408,322.408,2.73,-0.002
113,325.138,325.138,2.73,-5.68434E-14
114,327.867,327.867,2.729,-0.001
115,330.595,330.595,2.728,-0.001
116,333.321,333.321,2.726,-0.002
117,336.046,336.046,2.725,-0.001
118,338.769,338.769,2.723,-0.002
119,341.491,341.491,2.722,-0.001
120,344.211,344.211,2.72,-0.002
121,346.929,346.929,2.718,-0.002
122,349.645,349.645,2.716,-0.002
123,352.359,352.359,2.714,-0.002
124,355.071,355.071,2.712,-0.002
125,357.780,357.78,2.709,-0.003
126,360.485,360.485,2.705,-0.004
127,363.188,363.188,2.703,-0.002
128,365.885,365.885,2.697,-0.006
129,368.58,368.58,2.695,-0.002
130,371.271,371.271,2.691,-0.004
131,373.957,373.957,2.686,-0.005
132,376.637,376.637,2.68,-0.006
133,379.312,379.312,2.675,-0.005
134,381.98,381.98,2.668,-0.007
135,384.642,384.642,2.662,-0.006
136,387.295,387.295,2.653,-0.009
137,389.942,389.942,2.647,-0.006
138,392.579,392.579,2.637,-0.01
139,395.208,395.208,2.629,-0.008
140,397.827,397.827,2.619,-0.01
141,400.437,400.437,2.61,-0.009
142,403.035,403.035,2.598,-0.012
143,405.624,405.624,2.589,-0.009
144,408.199,408.199,2.575,-0.014
145,410.764,410.764,2.565,-0.01
146,413.318,413.318,2.554,-0.011
147,415.86,415.86,2.542,-0.012
148,418.39,418.39,2.53,-0.012
149,420.909,420.909,2.519,-0.011
150,423.415,423.415,2.506,-0.013
151,425.91,425.91,2.495,-0.011
152,428.391,428.391,2.481,-0.014
153,430.862,430.862,2.471,-0.01
154,433.321,433.321,2.459,-0.012
155,435.768,435.768,2.447,-0.012
156,438.204,438.204,2.436,-0.011
157,440.628,440.628,2.424,-0.012
158,443.042,443.042,2.414,-0.01
159,445.444,445.444,2.402,-0.012
160,447.833,447.833,2.389,-0.013
161,450.213,450.213,2.38,-0.009
162,452.583,452.583,2.37,-0.01
163,454.941,454.941,2.358,-0.012
164,457.289,457.289,2.348,-0.01
165,459.626,459.626,2.337,-0.011
166,461.953,461.953,2.327,-0.01
167,464.269,464.269,2.316,-0.011
168,466.573,466.573,2.304,-0.012
169,468.868,468.868,2.295,-0.009
170,471.152,471.152,2.284,-0.011
171,473.426,473.426,2.274,-0.01
172,475.688,475.688,2.262,-0.012
173,477.939,477.939,2.251,-0.011
174,480.179,480.179,2.24,-0.011
175,482.408,482.408,2.229,-0.011
176,484.624,484.624,2.216,-0.013
177,486.829,486.829,2.205,-0.011
178,489.022,489.022,2.193,-0.012
179,491.203,491.203,2.181,-0.012
180,493.37,493.37,2.167,-0.014
181,495.524,495.524,2.154,-0.013
182,497.664,497.664,2.14,-0.014
183,499.79,499.79,2.126,-0.014
184,501.901,501.901,2.111,-0.015
185,503.997,503.997,2.096,-0.015
186,506.076,506.076,2.079,-0.017
187,508.14,508.14,2.064,-0.015
188,510.186,510.186,2.046,-0.018
189,512.214,512.214,2.028,-0.018
190,514.223,514.223,2.009,-0.019
191,516.213,516.213,1.99,-0.019
192,518.182,518.182,1.969,-0.021
193,520.131,520.131,1.949,-0.02
194,522.059,522.059,1.928,-0.021
195,523.964,523.964,1.905,-0.023
196,525.845,525.845,1.881,-0.024
197,527.703,527.703,1.858,-0.023
198,529.535,529.535,1.832,-0.026
199,531.342,531.342,1.807,-0.025
200,533.121,533.121,1.779,-0.028
201,534.873,534.873,1.752,-0.027
202,536.596,536.596,1.723,-0.029
203,538.289,538.289,1.693,-0.03
204,539.951,539.951,1.662,-0.031
205,541.581,541.581,1.63,-0.032
206,543.176,543.176,1.595,-0.035
207,544.737,544.737,1.561,-0.034
208,546.26,546.26,1.523,-0.038
209,547.748,547.748,1.488,-0.035
210,549.2,549.2,1.452,-0.036
211,550.618,550.618,1.418,-0.034
212,552.002,552.002,1.384,-0.034
213,553.35,553.35,1.348,-0.036
214,554.659,554.659,1.309,-0.039
215,555.938,555.938,1.279,-0.03
216,557.19,557.19,1.252,-0.027
217,558.419,558.419,1.229,-0.023
218,559.624,559.624,1.205,-0.024
219,560.806,560.806,1.182,-0.023
220,561.965,561.965,1.159,-0.023
221,563.102,563.102,1.137,-0.022
222,564.217,564.217,1.115,-0.022
223,565.310,565.31,1.093,-0.022
224,566.382,566.382,1.072,-0.021
225,567.434,567.434,1.052,-0.02
226,568.464,568.464,1.03,-0.022
227,569.475,569.475,1.011,-0.019
228,570.465,570.465,0.99,-0.021
229,571.436,571.436,0.971,-0.019
230,572.388,572.388,0.952,-0.019
231,573.321,573.321,0.933,-0.019
232,574.235,574.235,0.914,-0.019
233,575.13,575.13,0.895,-0.019
234,576.008,576.008,0.878,-0.017
235,576.868,576.868,0.86,-0.018
236,577.71,577.71,0.842,-0.018
237,578.536,578.536,0.826,-0.016
238,579.344,579.344,0.808,-0.018
239,580.136,580.136,0.792,-0.016
240,580.912,580.912,0.776,-0.016
241,581.672,581.672,0.76,-0.016
242,582.417,582.417,0.745,-0.015
243,583.146,583.146,0.729,-0.016
244,583.86,583.86,0.714,-0.015
245,584.559,584.559,0.699,-0.015
246,585.245,585.245,0.686,-0.013
247,585.916,585.916,0.671,-0.015
248,586.573,586.573,0.657,-0.014
249,587.217,587.217,0.644,-0.013
250,587.848,587.848,0.631,-0.013
251,588.466,588.466,0.618,-0.013
252,589.071,589.071,0.605,-0.013
253,589.665,589.665,0.594,-0.011
254,590.246,590.246,0.581,-0.013
255,590.815,590.815,0.569,-0.012
